    1    -0.080354     0.041816     0.058140 
    2    -0.080354     0.041816     0.058140 
    3    -0.080354     0.041816     0.058140 
    4     0.056335     0.003796     0.270310 
    5     0.056335     0.003796     0.270310 
    6     0.056335     0.003796     0.270310 
    7     0.173584     0.070397     0.160910 
    8     0.173584     0.070397     0.160910 
    9     0.173584     0.070397     0.160910 
   10    -0.002676    -0.198950     0.109070 
   11    -0.002676    -0.198950     0.109070 
   12    -0.002676    -0.198950     0.109070 
   13     0.072040     0.121450     0.145840 
   14     0.072040     0.121450     0.145840 
   15     0.072040     0.121450     0.145840 
   16     0.029827    -0.075400     0.183790 
   17     0.029827    -0.075400     0.183790 
   18     0.029827    -0.075400     0.183790 
   19    -0.096614     0.199619     0.030550 
   20    -0.096614     0.199619     0.030550 
   21    -0.096614     0.199619     0.030550 
   22    -0.173172    -0.134753     0.006750 
   23    -0.173172    -0.134753     0.006750 
   24    -0.173172    -0.134753     0.006750 
   25     0.089306     0.071013     0.160780 
   26     0.089306     0.071013     0.160780 
   27     0.089306     0.071013     0.160780 
   28     0.007648     0.042989     0.396970 
   29     0.007648     0.042989     0.396970 
   30     0.007648     0.042989     0.396970 
   31     0.102328     0.059364     0.306890 
   32     0.102328     0.059364     0.306890 
   33     0.102328     0.059364     0.306890 
   34     0.025015     0.000300     0.320970 
   35     0.025015     0.000300     0.320970 
   36     0.025015     0.000300     0.320970 
   37    -0.009664     0.034560     0.343020 
   38    -0.009664     0.034560     0.343020 
   39    -0.009664     0.034560     0.343020 
   40    -0.016572     0.027338     0.368440 
   41    -0.016572     0.027338     0.368440 
   42    -0.016572     0.027338     0.368440 
   43     0.042549     0.030968     0.479670 
   44     0.042549     0.030968     0.479670 
   45     0.042549     0.030968     0.479670 
   46     0.042633     0.031391     0.488390 
   47     0.042633     0.031391     0.488390 
   48     0.042633     0.031391     0.488390 
   49     0.064001     0.055845     0.355700 
   50     0.064001     0.055845     0.355700 
   51     0.064001     0.055845     0.355700 
   52    -0.002178    -0.045426     0.355900 
   53    -0.002178    -0.045426     0.355900 
   54    -0.002178    -0.045426     0.355900 
   55    -0.017885     0.004902     0.349700 
   56    -0.017885     0.004902     0.349700 
   57    -0.017885     0.004902     0.349700 
   58     0.001273     0.021137     0.390000 
   59     0.001273     0.021137     0.390000 
   60     0.001273     0.021137     0.390000 
   61    -0.002178    -0.045426     0.360280 
   62    -0.002178    -0.045426     0.360280 
   63    -0.002178    -0.045426     0.360280 
   64     0.030124     0.021955     0.597580 
   65     0.030124     0.021955     0.597580 
   66     0.030124     0.021955     0.597580 
   67     0.081666     0.043210     0.379230 
   68     0.081666     0.043210     0.379230 
   69     0.081666     0.043210     0.379230 
   70     0.029924    -0.022844     0.253340 
   71     0.029924    -0.022844     0.253340 
   72     0.029924    -0.022844     0.253340 
   73    -0.029046     0.022098     0.439600 
   74    -0.029046     0.022098     0.439600 
   75    -0.029046     0.022098     0.439600 
   76     0.022614     0.057258     0.403330 
   77     0.022614     0.057258     0.403330 
   78     0.022614     0.057258     0.403330 
   79     0.014396    -0.034071     0.294760 
   80     0.014396    -0.034071     0.294760 
   81     0.014396    -0.034071     0.294760 
   82     0.075131     0.055757     0.225770 
   83     0.075131     0.055757     0.225770 
   84     0.075131     0.055757     0.225770 
   85     0.068521     0.017840     0.295870 
   86     0.068521     0.017840     0.295870 
   87     0.068521     0.017840     0.295870 
   88    -0.012564    -0.008923     0.296910 
   89    -0.012564    -0.008923     0.296910 
   90    -0.012564    -0.008923     0.296910 
   91     0.014165     0.023841     0.388910 
   92     0.014165     0.023841     0.388910 
   93     0.014165     0.023841     0.388910 
   94    -0.083264    -0.006965     0.200530 
   95    -0.083264    -0.006965     0.200530 
   96    -0.083264    -0.006965     0.200530 
   97    -0.083264    -0.006965     0.200530 
   98    -0.083264    -0.006965     0.200530 
   99    -0.083264    -0.006965     0.200530 
  100     0.052769     0.101251     0.343690 
  101     0.052769     0.101251     0.343690 
  102     0.052769     0.101251     0.343690 
  103    -0.017644     0.005436     0.349050 
  104    -0.017644     0.005436     0.349050 
  105    -0.017644     0.005436     0.349050 
  106    -0.021669    -0.037880     0.270920 
  107    -0.021669    -0.037880     0.270920 
  108    -0.021669    -0.037880     0.270920 
  109    -0.001767     0.152830     0.110200 
  110    -0.001767     0.152830     0.110200 
  111    -0.001767     0.152830     0.110200 
  112    -0.040673    -0.010436     0.297060 
  113    -0.040673    -0.010436     0.297060 
  114    -0.040673    -0.010436     0.297060 
  115     0.100029     0.014660     0.313920 
  116     0.100029     0.014660     0.313920 
  117     0.100029     0.014660     0.313920 
  118    -0.024461     0.064342     0.296190 
  119    -0.024461     0.064342     0.296190 
  120    -0.024461     0.064342     0.296190 
  121    -0.000287     0.021695     0.375570 
  122    -0.000287     0.021695     0.375570 
  123    -0.000287     0.021695     0.375570 
  124     0.090332     0.112290     0.139180 
  125     0.090332     0.112290     0.139180 
  126     0.090332     0.112290     0.139180 
  127     0.036709     0.062405     0.371470 
  128     0.036709     0.062405     0.371470 
  129     0.036709     0.062405     0.371470 
  130    -0.001623     0.009966     0.393900 
  131    -0.001623     0.009966     0.393900 
  132    -0.001623     0.009966     0.393900 
  133     0.021139     0.036601     0.421390 
  134     0.021139     0.036601     0.421390 
  135     0.021139     0.036601     0.421390 
  136     0.101759     0.036294     0.343070 
  137     0.101759     0.036294     0.343070 
  138     0.101759     0.036294     0.343070 
  139     0.102514     0.066319     0.160270 
  140     0.102514     0.066319     0.160270 
  141     0.102514     0.066319     0.160270 
  142     0.012987     0.011353     0.380580 
  143     0.012987     0.011353     0.380580 
  144     0.012987     0.011353     0.380580 
  145     0.038145     0.005119     0.431950 
  146     0.038145     0.005119     0.431950 
  147     0.038145     0.005119     0.431950 
  148     0.038145     0.005119     0.431950 
  149     0.038145     0.005119     0.431950 
  150     0.038145     0.005119     0.431950 
  151    -0.039228     0.065806     0.236720 
  152    -0.039228     0.065806     0.236720 
  153    -0.039228     0.065806     0.236720 
  154    -0.009976     0.040361     0.333760 
  155    -0.009976     0.040361     0.333760 
  156    -0.009976     0.040361     0.333760 
  157     0.052942    -0.030925     0.231080 
  158     0.052942    -0.030925     0.231080 
  159     0.052942    -0.030925     0.231080 
